11426
13175
72163
56769
9957
25310
34466
69927
107621
17942
3168
102083
109074
5857
67740
50079
14716
61912
95497
7678
102438
93616
107303
48365
48957
2376
40227
48520
51813
27316
93542
36479
64436
26526
55382
28532
29655
89009
66026
56780
102172
40209
84357
99901
43952
69567
2906
96088
72369
90194
101298
66787
72183
119
52385
59094
39274
88175
46076
85472
96288
99224
58493
63329
414
51166
7719
64845
3870
30020
49539
29662
69080
34525
21414
46685
52146
97666
57693
8713
11704
32885
91586
39212
71641
5203
35743
77852
50961
20421
38309
57125
73728
102087
18316
33903
65488
42192
39046
47887
107335
62988
77495
104852
74719
103833
43316
84822
108900
16256
6393
85608
52061
20238
82042
4383
7683
10581
86776
100838
22899
25198
14996
60806
57166
41898
47262
12512
18840
24416
32393
52182
49884
4347
9614
97531
93284
62079
15647
42050
57277
30203
64940
92894
54301
13915
936
26326
61847
62847
33163
43994
37493
99822
84223
44830
107735
35644
22187
88830
22625
97562
101074
57470
101834
2072
60594
43785
101338
4275
33951
4582
8435
7414
30394
60493
38361
86978
7236
83031
105855
8379
100105
64792
49296
15487
63158
54465
73596
56846
60392
9444
67187
90509
72485
78250
100061
8951
101432
58
43984
102446
88225
31840
57726
16306
101671
62790
73801
106679
9168
11034
68108
21126
7880
38908
69275
36865
61232
80187
9919
6387
67374
4116
28224
22531
79878
9601
15327
98701
99157
66948
82734
68716
96923
22447
94354
14347
67257
30135
11904
68242
68940
82740
51441
67845
19867
22826
105325
63270
104752
21197
19262
97486
36687
104285
103144
41744
41872
80023
18435
80872
70070
39506
41401
77681
94604
58410
55494
45338
61816
55519
9369
12584
4326
47033
27248
91621
101673
63105
57484
95829
51086
65241
58792
67630
45229
104163
80251
58415
86810
40231
61647
42814
5432
79076
27947
78713
86195
68506
9569
76118
92496
44198
78678
28099
56369
59380
17212
44196
58509
40895
58912
85364
74529
32345
50904
101833
7977
99199
23870
99858
39425
85587
105336
90763
51799
52946
23999
41287
107922
34749
85274
61547
1089
28163
21729
50063
62631
1890
97508
101201
81876
43801
51464
41995
41242
52125
15071
46738
45134
24025
23141
14110
4244
107505
23324
71115
42354
51715
90700
20347
54430
25927
36013
70007
11668
44188
16025
37554
8000
62924
98397
36966
52803
109211
75669
5947
58937
67815
105079
77252
52
106918
65720
66962
14050
55685
70694
57351
39903
45955
61208
79727
45913
51134
19480
101975
26938
5520
88787
83745
80725
21976
47928
17781
26817
92918
47459
48247
85625
47322
49333
64181
51946
20984
28427
91501
45231
14381
84456
80212
29535
62272
62485
5278
22335
30273
53694
58435
26569
48083
101297
57746
98299
77585
38556
59003
98433
56660
53959
84940
16928
108355
98634
31894
65416
753
107024
77343
33167
45497
101171
12397
81563
30824
42412
53740
71086
77867
21853
64687
73038
39044
9128
85692
32088
83488
65014
36677
14359
48765
58849
105428
43281
30088
46054
17641
45434
4455
32587
93441
44571
14679
47595
4954
75645
108006
53066
80105
76493
76954
71326
53287
5795
58597
89508
21042
90193
41207
15669
106546
38743
99294
2687
48764
22516
70125
51360
3228
95113
103898
79104
93885
10165
48732
83276
100926
57613
26231
26735
13317
88737
26766
90444
73520
103761
62073
12903
26626
79562
91675
50932
77458
49005
72123
54508
2009
45146
67670
79251
22574
83499
95520
4021
92072
73094
28329
50755
36751
57642
32457
19174
15049
58266
10695
55284
47421
70739
93361
41172
45546
29677
10946
70210
100542
5262
11370
99306
109454
98735
62101
24871
46040
12826
65621
79517
15677
53771
32574
71266
32149
1709
103261
11725
72268
3897
44621
11323
92492
16254
42566
40921
19127
38549
97527
31889
98537
107183
8397
88902
62420
59782
58253
107296
50113
23711
97707
25437
77161
14380
23438
66220
92017
7026
75891
101214
78828
37177
93629
71200
29388
33490
63236
13658
83809
1005
21030
28939
50849
88653
89441
99455
59390
54788
91613
23299
54351
95132
20648
96241
39353
42343
107062
40503
18772
54489
58810
97310
14185
51570
73426
5798
52800
58753
102122
54518
26328
35960
9940
26658
35208
72674
47704
68036
84936
101841
45126
14222
57106
61559
87438
76381
2963
59823
86288
30342
51304
53402
106458
67142
56995
16468
37192
5831
63390
29647
88194
47458
51150
82116
91557
56419
80107
40085
23792
80783
62417
45869
79662
49765
47777
30280
44358
356
41866
41996
70171
42544
98247
38339
86971
101055
50391
90211
5732
81741
20915
98228
14218
54917
3300
83716
68159
37104
32404
75952
4027
6341
16385
41082
92996
63683
31621
91481
6336
49589
68430
90672
23051
30509
10102
30470
54037
23344
5106
59617
95567
14816
8940
61832
76066
4506
95212
87046
11985
17804
15262
47867
24578
43432
56826
28455
13559
97059
62200
47711
101194
44108
93599
19740
106462
106350
84958
41857
75305
4650
7814
68871
106506
40107
5378
24390
75485
99630
12816
90653
13053
87140
32796
92443
64296
94320
38817
65611
94594
843
68160
93302
91709
